60,4
60,3
60,2
60,1
60,0
59,3
59,2
59,1
59,0
58,3
58,2
58,1
58,0
57,3
57,2
57,1
57,0
56,3
56,2
56,1
56,0
55,3
55,2
55,1
55,0
54,3
54,2
54,1
54,0
53,3
53,2
53,1
53,0
52,10
52,9
52,8
52,7
52,6
52,5
52,4
52,3
52,2
52,1
52,0
51,3
51,2
51,1
51,0
50,7
50,6
50,5
50,4
50,3
50,2
50,1
50,0
49,3
49,2
49,1
49,0
0,464
0,463
0,462
0,461
48,5
48,4
48,3
48,2
0,460
48,1
48,0
0,459
0,458
0,457
0,456
0,455
47,4
47,3
47,2
0,454
0,453
0,452
47,1
47,0
0,451
0,450
0,449
0,448
0,447
0,446
46,4
46,3
46,2
46,1
46,0
0,445
0,444
0,443
45,4
45,3
45,2
45,1
45,0
0,442
0,441
44,4
44,3
44,2
44,1
44,0
0,440
0,439
43,4
43,3
43,2
43,1
43,0
30,5
30,4
0,438
0,437
0,436
42,4
42,3
42,2
42,1
42,0
0,435
41,4
41,3
41,2
41,1
41,0
0,434
0,433
0,432
0,431
0,430
0,429
0,428
40,11
40,10
40,9
40,8
40,7
40,6
40,5
40,4
40,3
40,2
0,427
40,1
40,0
0,426
0,425
0,424
0,423
0,422
0,421
0,420
39,4
39,3
39,2
0,419
39,1
39,0
0,418
0,417
0,416
0,415
0,414
0,413
0,412
38,7
38,6
38,5
38,4
38,3
38,2
0,411
38,1
38,0
0,410
0,409
